Ticker,AAPL,AMZN,GOOG,META,MSFT,NFLX,NVDA,TSLA
AAPL,1.0,0.6851413000985371,0.4287964362778608,0.5898882082450659,0.5180950049740396,0.20775672334849846,0.5500483050916906,0.4714423068855703
AMZN,0.6851413000985371,1.0,0.3713270527863454,0.5662430654871246,0.45460982816159756,0.11463036895344572,0.37475429462946364,0.31518454737236196
GOOG,0.4287964362778608,0.3713270527863454,1.0,0.33080682136988193,0.3654235768595647,0.029177161648274566,0.36028175131518203,0.12518039098155984
META,0.5898882082450659,0.5662430654871246,0.33080682136988193,1.0,0.6142438020425495,0.18722533153761997,0.39449384918351205,0.37219744989007386
MSFT,0.5180950049740396,0.45460982816159756,0.3654235768595647,0.6142438020425495,1.0,0.278000297122762,0.39485667764190385,0.38558425696811993
NFLX,0.20775672334849846,0.11463036895344572,0.029177161648274566,0.18722533153761997,0.278000297122762,1.0,0.18534377544348155,0.21013146516631612
NVDA,0.5500483050916906,0.37475429462946364,0.36028175131518203,0.39449384918351205,0.39485667764190385,0.18534377544348155,1.0,0.24927903747976995
TSLA,0.4714423068855703,0.31518454737236196,0.12518039098155984,0.37219744989007386,0.38558425696811993,0.21013146516631612,0.24927903747976995,1.0
